2
32
54
77
96
116
135
156
175
194
213
232
253
280
302
320
340
359
380
405
432
458
481
502
529
568
607
631
653
675
698
719
738
764
796
820
851
874
904
941
970
994
1013
1031
1049
1067
1085
1103
1121
1139
1157
1175
1193
1211
1229
1247
1265
1283
1301
1319
1337
1355
1373
1391
1409
1427
1445
1463
1481
1499
1517
1535
1553
1571
1589
1607
1625
1643
1661
1679
1697
1715
1733
1751
1769
1787
1805
1823
1841
1859
1877
1895
1913
1931
1949
1967
1985